testdata2d
rectanglenumber:
35
databegin
rectangledata:
601.326 237.96 883.65 402.504
625.803 260.094 857.019 382.524
653.448 283.79 828.655 364.572
672.836 297.793 810.704 352.724
696.532 308.564 786.649 341.594
711.611 316.462 774.801 331.182
726.331 321.848 762.594 326.156
732.095 323.44 757.49 324.284
589.972 227.387 895.004 412.647
579.494 213.165 907.897 428.076
556.515 186.084 938.675 460.356
516.16 163.636 972.979 487.342
451.648 138.345 1021.22 523.482
407.285 99.8337 1079.11 577.774
309.752 50.2842 1173.98 643.279
234.034 2.11187 1236.18 681.797
165.89 -100.606 1316.25 766.633
73.9836 -229.733 1391.05 888.918
-35.1579 -389.123 1500.19 1016.97
-176.086 -533.037 1618.29 1128.93
-335.453 -670.563 1793.66 1250.45
-575.203 -878.238 2084.07 1489.78
-779.753 -1050.48 2375.61 1733.19
-1069.38 -1361.74 2712.15 2025.69
-1349.01 -1765.32 3126.73 2373.04
-1826.38 -2125.21 3604.1 2772.86
-2437.88 -2478.06 4086.4 3190.31
-2784.51 -3029.52 4646.45 3761.17
-3577.08 -3733.41 5615.81 4641.84
-4502.89 -4808.33 6869.68 5306.7
-5343.85 -5314.19 7710.64 6083.12
-6347.99 -6195.8 9103 7352.94
-7995.96 -7301.57 10613.1 8872.25
-9593.38 -8539.44 12155.2 9612.05
-11136.9 -10038.3 13698.7 11175.5
dataend
